%YAML:1.0
mm_per_unit: 10.0
corners: 
 - [[-12.5,40,0],[12.5,40,0],[12.5,15,0],[-12.5,15,0]] 
 - [[15,12.5,0],[40,12.5,0],[40,-12.5,0],[15,-12.5,0]] 
 - [[-12.5,-15,0],[12.5,-15,0],[12.5,-40,0],[-12.5,-40,0]] 
 - [[-40,12.5,0],[-15,12.5,0],[-15,-12.5,0],[-40,-12.5,0]] 
ids:  
 - 3 
 - 4 
 - 5 
 - 6 
